3s3s2s4s96  7s7s4 138  2 8   4s10s64  1  3   3   7  2s4s78 9s7s2
s4s6  27s8s5  4 91 8   8s5s4   43s5s7  8  3 3s4s9  172 1s6s9s4s2
2  5 74 6s4s31s9s23s5s2s4s86 31s5s45s8s9   7s4s695   2  1  6  8
   596   7  3s5s32 8s10s1 3 4 1s5s2s4s6   8  3   59  5   86   9
  12 7s4s62s12s94s4s98   35s8s7   3  21   1 2s4s7 8  41 3 4s4s8
s4s61s4s6794 1  2s8s1s6s3 89 4 5 21 5s6s8 8s5s1s5s16 5s4s37 6
4  8  9   5349 7s6s3s4s1  3  28   4   6   89  1  5s4s2s6s6 8942   2  3  6
s7s5 63 8s6s9s6s792  48   7s5s4 3s5s189s6s92 1 81s10s57
1  4    6 46 91 8   5 2s7s5  1 9 9s5s5 4 2  9s7s1 9   8 93 56 5s4s8  4
s7s7s5s9 81 5  2 3  48   2s5s45   72s9s34  3 8  6 72 1s5s3
 629s7s43 8   7 9   4  6  8 1s5s3   2s5s2 7  3  1   9 4   7 93s7s412
s8s1  4 6 2 8 7 32 4  9   18s5s5   6s5s54   9  8 37 4 6 9 8 3  1
  2 9   3s7s1s4s6s4s2  7 29s5s1   8s5s53 6  6s4s1s4s3s7s4   8 5
 72   68s4s7s5s5   16s7s281  2  371  6  456s7s13   4s5s7s4s15   89
3   4s9s7 48s6s9 7 1   3 8 4   5  2  5   8 7 5  3s12s9 6 9 253
43   8s6s4   2  26  51 8s3s9s6s946 275s6s3   3 51  9   7   9s6s5   12
 237   8s6s1 6s4s5  27  3 9s4s4  6 3 8  4s4s7 5  72  9s4s4 1s6s8   273
s4s5s4s3  284s4s1s4s4 8 86  32  4s7s9  57  14 5 7s4s3s4s637  1s4s2
   3   8 5s4s1  38 6 4s4s4  83   2  2   3  9   72  1s4s6 1 77  1s4s4 9   5
1 73   4 8    6s4s5 87 63  9s4s51s9s77   6  8s4s9 4s4s8 1s4s241
  3  1   8s9s51  9 6  8s4s29s4s7   8 2   4 5 36  9s7s2 84   41  5 6
s5s34  1s5s2 62   6   9 5 29s5s4 8 6 7s5s47 2 6   5   13 8s5s4  57
 938  1   8 5 143  7s10s2 5 8   5 6 2   6 1 9s10s5  583 6 2   9  231
