3s3s2s4s96  7s7s4 138  2 8   4s10s64  1  3   3   7  2s4s78 9s7s2
s4s6  27s8s5  4 91 8   8s5s4   43s5s7  8  3 3s4s9  172 1s6s9s4s2
2  5 74 6s4s31s9s23s5s2s4s86 31s5s45s8s9   7s4s695   2  1  6  8
   596   7  3s5s32 8s10s1 3 4 1s5s2s4s6   8  3   59  5   86   9
  12 7s4s62s12s94s4s98   35s8s7   3  21   1 2s4s7 8  41 3 4s4s8
s4s61s4s6794 1  2s8s1s6s3 89 4 5 21 5s6s8 8s5s1s5s16 5s4s37 6
4  8  9   5349 7s6s3s4s1  3  28   4   6   89  1  5s4s2s6s6 8942   2  3  6
s7s5 63 8s6s9s6s792  48   7s5s4 3s5s189s6s92 1 81s10s57
1  4    6 46 91 8   5 2s7s5  1 9 9s5s5 4 2  9s7s1 9   8 93 56 5s4s8  4
s7s7s5s9 81 5  2 3  48   2s5s45   72s9s34  3 8  6 72 1s5s3
 629s7s43 8   7 9   4  6  8 1s5s3   2s5s2 7  3  1   9 4   7 93s7s412
s8s1  4 6 2 8 7 32 4  9   18s5s5   6s5s54   9  8 37 4 6 9 8 3  1
  2 9   3s7s1s4s6s4s2  7 29s5s1   8s5s53 6  6s4s1s4s3s7s4   8 5
 72   68s4s7s5s5   16s7s281  2  371  6  456s7s13   4s5s7s4s15   89
3   4s9s7 48s6s9 7 1   3 8 4   5  2  5   8 7 5  3s12s9 6 9 253
43   8s6s4   2  26  51 8s3s9s6s946 275s6s3   3 51  9   7   9s6s5   12
 237   8s6s1 6s4s5  27  3 9s4s4  6 3 8  4s4s7 5  72  9s4s4 1s6s8   273
s4s5s4s3  284s4s1s4s4 8 86  32  4s7s9  57  14 5 7s4s3s4s637  1s4s2
   3   8 5s4s1  38 6 4s4s4  83   2  2   3  9   72  1s4s6 1 77  1s4s4 9   5
1 73   4 8    6s4s5 87 63  9s4s51s9s77   6  8s4s9 4s4s8 1s4s241
  3  1   8s9s51  9 6  8s4s29s4s7   8 2   4 5 36  9s7s2 84   41  5 6
s5s34  1s5s2 62   6   9 5 29s5s4 8 6 7s5s47 2 6   5   13 8s5s4  57
 938  1   8 5 143  7s10s2 5 8   5 6 2   6 1 9s10s5  583 6 2   9  231
 1 9 36s6s8s4s9s5s5 7  2 1 43s4s4 2s4s64 7 2  7 1s5s5s4s3s6s56 1 2
 6 3s6s7 1  4 3  8  726 9 24s19s57 8 352  8  1 6  8 5s6s1 2
  7s5s38  9s7s5  8 1s3s4  63 1 72 3 58 5 31  7s3s4 2  6s7s7  82s5s1
s4s1  6s4s6  4   5  4 3 7s5s8  9 8s5s259  2s5s6 3 2  4   8  6s4s4  5
s4s78s5s3   59  9 2   1   4  6s6s134s6s7  68  2   9 7   8   3s5s32
s4s5s6s12 39   5   7   9   2   8 6 7 8 2 4   6   1   5   8   73 45s6s1
  45 7s5s36   8 6   8   4   1   7 5  7 8  6 8   3   2   5   3 5   12s5s4 65
 2s4s67s5s7  1s4s9 4   2  5    713  8  968s4s3  4s5s9s4s5  1s5s97s4s3
 61   2s7s2 64   3s4s88   263   3 5 7 8   748   61    9   79 8s7s3   61
s4s9  56  946  7s4s1 5 2  76s6s1s7s8s6s34  6 5 9s4s9  185  53  4
s4s7 38   628   99 8  5   7s5s8   53   42   4     5   3  6 43   267   91 4
  9 8 4  2s9s7 91  8 1  73   8 27   13 8   91  7 3  64 9s9s6  5 2 8
s4s638  2  9   41 69     2 5   1s7s5s7s7   6 6s5s15 49   6  8  219
s5s1s4s4 28 91   1  3 68  3   1 7 8s7s6   473    8s5s2 95 3s9s4
s4s2s6s2  83s4s7 9s3s4  42 1  71 5s7s8  3s5s398  5s5s9 5 4  7  1
  928  6  8s7s1   569  3s4s8 9  98   53  4 3s4s2  491   7s7s2  1  423
5  19 7   2   7  9 4s14s1  57 6 34  3s14s3 2  6   5   8 41  6
 3   76  7  1    8 1  85   1s5s4   2  4  9   5s5s7   76  4 2s4s1  9  49   7
s5s26  1  8   5 8 3  14   4  8s4s7  9 6  8    3  7   94  7 5 7   9  3  26
s4s23   62 598  4   7 652 598 62 4 2 1 758 6 768   52 62  7   8  6342 9   2
....7.8..8.5....97...5......1..9.....2...5.3.7....3...2...6.9.......4..246...87..
....5...9.6.....3....3.941.3..6.....6..8.1..3.....5..7.315.7..4.5.....2.4...8....
271896   94352768185631479248s5s2 63s7s51s7s395s4s7 724 385 9168   243
4.21......5.....78...3......7..5...6......1.....4.........67.5.2.....4..3........
3.2.8...6....9.7.8.5.....2.78..4...9..4.......1...2...1...7.....4...637.5..4...9.
  23  5   1  4  9s4s5s4s6 76s6s8   2  4 9s5s8 3s5s5  2s5s6 1s4s87
   1 2s5s8 6 7 5 9s5s8 4   1s5s8 3 4 6 3   2 8   6   547   5 7 6 9 7s5s5
600090005004001020080000400003002090400700800050000001000004600700800000009030000
  5 6  9 7s4s23   4 1s10s95s4s3 8   1   3   6 6   4  2   2  7s4s1 5s4s8
 719 5 48s6s7s7s893s6s268 8s7s7 647s6s453s7s6s6s78 2 945
300080001040500020007003900050200000600010008000064000002000700090000050400000006
 6s4s53 7  9 6  2  1s4s8s4s5 4  9 9 8 1 2 6  2 7s4s7s4s2  5  1 8  4 84s4s7
.9.2..86..8.53....5......1..6..8..9.8.5.......7.4..2....4.5.6.....8.........79.5.
300080001040500020007003900050200000600010008000064000002000700090000050400000006
 2  1   89s6s5   4  36s5s1 94  3s7s2  13 8s5s76  9   8s6s72   9  4
2  3   945   6s5s8   7s5s7  3  61s7s58  2  4s5s4   7     8   331   6  8